.Random.seed <-
c(403L, 624L, 319758791L, 698099548L, 1734815917L, 1002947466L, 
-948988029L, -158270744L, -910249015L, -257938186L, -8225025L, 
-1158568652L, -1642533211L, -860194014L, -457747397L, -900697536L, 
-1971798719L, -1047733746L, -18132169L, 1759669772L, -353059939L, 
1327379898L, 430274547L, 1753965720L, 810763705L, 854735398L, 
1393720943L, -190193180L, 1852209045L, 330650450L, 1354818219L, 
1487090160L, 1982344497L, -710365890L, 1444733095L, 1294950588L, 
-1751776627L, 63845354L, -1196657565L, 409287240L, -414362711L, 
2043974486L, -301245985L, -1937356140L, -1545126779L, 985872258L, 
799477019L, -1316299360L, 387225889L, 543575150L, 1882901015L, 
-1519517844L, 242877821L, -814039526L, 520850643L, -13009928L, 
-934552167L, 479869062L, -186379953L, -1059987644L, -274055819L, 
-840489038L, -959392885L, -1551731376L, 79495441L, 1702410142L, 
446435207L, 1263094300L, 1284490349L, 1619448906L, -116801213L, 
-1394398808L, 615375753L, 391522742L, 970171583L, -1298685964L, 
1451129445L, 702817250L, 1164260859L, -339412736L, -966761215L, 
626192078L, 139964663L, -752074548L, -1702477987L, -837454214L, 
-1800531533L, -134397096L, -1248696967L, 987457254L, -1395583953L, 
362974372L, 552792917L, -1405277166L, 877343851L, -431134544L, 
-1023556367L, -853020162L, 1111797351L, 1010951036L, 2093774413L, 
-938892118L, 1371504163L, -1377646328L, -1948753047L, 1555886102L, 
-879534177L, -528636588L, -883513275L, -483049406L, -433467685L, 
1037485152L, 827597025L, -420822738L, -1761998889L, -1602932180L, 
-1550751427L, -955883814L, 298124947L, 1118747320L, 2022745L, 
-2024946362L, 294749967L, -59512316L, -172451531L, -1110482830L, 
-412613301L, -1680077808L, 132282577L, 1229872222L, 181321031L, 
-462344996L, -624682963L, 1013884170L, -1476023549L, -2126768024L, 
-1564159159L, 698410614L, 1744996991L, -175088972L, 1407698469L, 
-1144091486L, 1848432571L, 1486372800L, -320353087L, 1204142990L, 
1205456567L, 1738593164L, -99384547L, -1033537734L, 1233677171L, 
992338456L, 736707897L, 1200182182L, -1780651537L, -1432488092L, 
-1653395691L, 498451666L, -899725781L, 721837936L, 644029617L, 
-494668098L, 233978919L, -1271978436L, -722556403L, 1271780714L, 
-49002525L, -121169976L, 1802187561L, -1449521962L, -1344723617L, 
-47726572L, 2108281861L, 348653826L, -710520677L, -656315616L, 
-1978439519L, -159648274L, -1565588073L, 788997356L, 713329917L, 
1414184858L, 187711571L, -1455769224L, 954834201L, 220598790L, 
-2006139697L, -2122795836L, -2087013131L, -217556686L, 1667823371L, 
-425434416L, 1836560529L, 1835057438L, 1097280263L, -942420068L, 
-1782305811L, 272577994L, 1847809219L, 1381746472L, 1673757449L, 
1413505846L, 533671999L, 781964660L, 303354341L, 1530508642L, 
-1328662149L, 1200244352L, -1781599103L, 1839552590L, -1959678857L, 
-1459607988L, 2103215837L, -1664206854L, 1106543923L, -1060814632L, 
-1558715143L, -1245970330L, 334987183L, 240919076L, 1336355541L, 
1893670290L, -725805077L, 227415600L, 672674929L, -1971537026L, 
-152729113L, -407426820L, 62692813L, 802866730L, 879415715L, 
936519304L, -2050637079L, -315889258L, 278702879L, -314271020L, 
379633605L, 138121666L, 802984539L, 426430944L, -1726844831L, 
-203822418L, 1092207447L, 870569900L, -149720899L, 1208475738L, 
-183682541L, 563968056L, 1651252441L, 1793269446L, 1060483727L, 
178274180L, -451899211L, -699264526L, -594302773L, -895780464L, 
-1656969135L, -1502616098L, -601532217L, -2010041764L, -1051721811L, 
-591886710L, -1524449661L, -1090374168L, 1198125769L, -2081120266L, 
-1225157121L, -931524556L, -859464283L, -1595564510L, 520706875L, 
-1352987328L, 416668737L, -1682854642L, 1612663351L, -636864244L, 
1478576797L, -1911572294L, 1202872051L, -677683304L, -354532167L, 
-1573688026L, -320907921L, 1537019108L, 1666115221L, 1853437522L, 
-719017557L, 883199216L, 266144817L, -103661506L, -86075481L, 
-912659524L, 754340237L, -722438422L, 830675811L, 1774449992L, 
-1700261207L, 1949468246L, 597553375L, 2073310612L, -1308923003L, 
-1236280702L, -426994661L, 1446181024L, -1777256415L, 1136959342L, 
-537247465L, 1372277356L, 486413437L, 855490842L, 2031875027L, 
1519843064L, 744905881L, 491056006L, -609458097L, 313166404L, 
635055221L, -1871934798L, -1264051573L, 1317097552L, -1091477487L, 
-1992570210L, -1194768761L, 2018071836L, 1629983597L, 1654298442L, 
1724115011L, 636445864L, -310893943L, 1702730934L, 1128381375L, 
-303363340L, 2142906725L, -443398430L, -1969341189L, 1187681280L, 
-1917025279L, -1767194162L, 342009847L, -42005556L, 2116144733L, 
-2031486598L, -461244237L, -1905770920L, -1828952967L, -374367770L, 
-1504384209L, 1830860708L, -1003855275L, -1622929646L, 223738731L, 
118080432L, -445537295L, 625247486L, -677550745L, 211250812L, 
878429517L, 1540286378L, -300079837L, 1297908744L, 701637225L, 
1265492758L, -560138593L, 852922452L, 729405253L, -674962622L, 
-1418308133L, -1510351008L, 2026880993L, 184292398L, -1391427881L, 
-344097492L, 1879341117L, 1709990362L, 18640275L, -1025034824L, 
110648409L, 1628141638L, -1013916145L, -732457724L, 297240629L, 
169329522L, 224808011L, 957736720L, -1168779311L, 1787064158L, 
1964176455L, -1428408356L, 957015853L, 581265418L, -1933127165L, 
-1511828632L, -1246883255L, 1704679798L, -1704484481L, -1985034828L, 
-424512219L, 1107275682L, -2058559813L, -2070357312L, -868029503L, 
-481257842L, -1245985353L, -702636404L, -1558310371L, 941423162L, 
1646482035L, -1276388072L, -349027271L, 686851750L, -2045230865L, 
-576249244L, 502898197L, 1275045842L, 2131823915L, -1417823632L, 
1888877489L, -1047295554L, 182580007L, 594522428L, -1112737523L, 
-1523181462L, 603516643L, 1633407688L, 1929638441L, 1067319254L, 
-145114017L, 1573628692L, 517735173L, -447042558L, -262547557L, 
-545290720L, -116521055L, 775964910L, -1776517993L, 599420908L, 
-2082038787L, -241974630L, -1227970733L, -1991363464L, 549592089L, 
855033094L, 480449487L, 1248288708L, 879272949L, -334250958L, 
-930202101L, 286866896L, 925503377L, 1594479646L, 1858232839L, 
-223749476L, -860226835L, 1570306250L, -1326744637L, 496894504L, 
-1077165559L, -1324493258L, 1378567999L, 1183137908L, 2104393957L, 
-1897015198L, 1624588411L, -1618615936L, 1814631297L, -966579378L, 
300589943L, -425135796L, 987108829L, 308853498L, -900305869L, 
-689554472L, 54518777L, -1128909978L, -1846978897L, 133188900L, 
-595813931L, 2104230034L, -334110997L, 146829616L, 956961649L, 
1132416638L, -764657433L, 1088599036L, 749333709L, 1374030122L, 
1289124003L, -461250168L, 1979548137L, -578626410L, -476823009L, 
120817108L, -404623675L, 399586498L, -420013733L, -1719407392L, 
-1903423647L, 1381055918L, 1222523479L, -582868308L, -1402699843L, 
-1498160294L, -2081251053L, -1668549832L, 1789107161L, 1338429894L, 
-861730417L, 798616196L, -642941003L, -1625262862L, -2015367221L, 
491476112L, -1657927855L, 999028958L, -1013477433L, -495829668L, 
1609879213L, 339036554L, 754050435L, 736063720L, -342806071L, 
882184950L, -1068716801L, -1892779212L, 2142129317L, 1696383266L, 
787964475L, -1907251136L, -986776767L, 1151500302L, -1230028489L, 
1910375436L, 2030688669L, 1183660986L, -421837325L, 1175935640L, 
-1427815495L, -1044340698L, -1886901137L, 112998372L, 728978837L, 
-62318254L, -702254933L, -980293648L, -2037519567L, -540552386L, 
737955495L, 1471182524L, -1525505907L, -1029785110L, -1569340829L, 
-712069048L, -226569815L, 1910274390L, -653490209L, -103931756L, 
-1572103547L, 1743289730L, -2129781989L, 717689760L, 1896470305L, 
-605097362L, 857061399L, -1160473236L, -46259331L, 369935386L, 
306731731L, -1419742728L, -1812145255L, 876322438L, 2035334991L, 
-22071996L, 222698357L, 1274932658L, -1390714485L, 1684810576L, 
337755921L, -1798644322L, 1364360583L, -856334308L, -159686035L, 
121264714L, 446304067L, 795320232L, -658611831L, -1661923402L, 
-91499841L, -1905625612L, -382609307L, 491547106L, -1049410565L, 
129773312L, -283860223L, 583963854L, -238444809L, 2055067340L, 
1366908253L, -984974214L, 1097981875L, 272578904L, 1910662009L, 
349162726L, 78955055L, -1261772124L, -157429419L, 1364652562L, 
