.Random.seed <-
c(403L, 10L, -650838430L, 512352829L, 505719991L, -451824802L, 
-526215528L, 1389516283L, -1890760807L, 720416808L, -117278506L, 
-1389101743L, 1357581315L, 1404916626L, -1968750300L, -98404377L, 
-1328968643L, 523025076L, 905566490L, 419412581L, -323883265L, 
-328486010L, -876292848L, 218009011L, -1086247343L, -480047616L, 
-50771234L, -1161344727L, 602756315L, 352875498L, -214326388L, 
-1960532785L, -251835259L, 1551746876L, 337278482L, 1817695501L, 
715357767L, -489847762L, 1211558280L, -1554870133L, -2135790999L, 
2104211000L, 1436208870L, 2130193025L, -1898301933L, -767696446L, 
769165940L, 361884791L, -536947347L, -2004145660L, 1915423018L, 
-1000972651L, -129141457L, -1306292170L, -1460091808L, -1587008861L, 
-1021297215L, -1210672720L, -588298034L, 883848761L, -1351767989L, 
536164858L, -1752730372L, -315057857L, 217003541L, -353778388L, 
141420034L, -1789043491L, -626858025L, 170750654L, -1124612872L, 
529914587L, -475455175L, 1673700488L, -1195162570L, 1567383665L, 
1524134563L, -1673672718L, -2122044604L, -342940665L, 520290781L, 
-476979500L, -1654980102L, -1129599675L, -1321936481L, 48466726L, 
-1395100752L, -514211757L, -89162895L, 1395813024L, -1072185794L, 
1997305161L, 1428253691L, 1072730058L, 1537319212L, 1936145711L, 
-1892441115L, 1984404124L, 1381900018L, -382128275L, 871712935L, 
-746599730L, 1286756392L, -1904917461L, -969677239L, -1638559912L, 
701573638L, -1553443871L, 958722419L, 547488226L, 94909780L, 
-409170857L, 616624205L, 539423716L, -1493749302L, -1437927371L, 
791352975L, -1600321642L, -580801728L, 426427907L, 1734769697L, 
-1311330544L, 978388206L, 170396825L, -854308565L, -1991155686L, 
-1970775332L, -1078998305L, 2089014453L, 1439089228L, 1605840546L, 
-529287683L, 68361975L, -1658496994L, 104487640L, -1855009221L, 
-1153967143L, 1303628136L, 641867926L, 919207441L, -65488957L, 
-986879022L, 1643361892L, -1745754713L, -491799811L, 1949064948L, 
-1923016230L, 1578007845L, -994431937L, -1357382714L, 1095989328L, 
-696667021L, 631085201L, 1058318528L, 1990247070L, 496934505L, 
-304181605L, -1041259606L, 613910476L, -1582081393L, -1845808443L, 
-2132387204L, -607897902L, 1862533709L, 50990855L, 68014830L, 
-1643518008L, -414258997L, -1330808535L, -1297342088L, -727832922L, 
-1651871551L, 49371475L, 1652852226L, 940687156L, 416246967L, 
-1299301203L, 1537649092L, 559368682L, -1759005099L, 240297967L, 
165902326L, 1702670624L, -809353501L, 1733355393L, 967025136L, 
-1149624178L, -1317435399L, 1511824779L, -486618694L, -1807546180L, 
-1011487745L, 802576725L, 1461297772L, 1019610818L, -2122297059L, 
1162373015L, -64068866L, 1470920888L, 1656808091L, 536539385L, 
2001916488L, -934789770L, -1928319823L, -1939521309L, 450977714L, 
-671604732L, -14216377L, -587675107L, 929325204L, -1621389254L, 
-337538427L, 495883103L, 1385163750L, -2132089232L, -1418180205L, 
-1913344463L, 159089888L, 1441641854L, 2089625609L, 963119163L, 
-1415621110L, 1553434092L, 118688367L, -670988891L, -840780452L, 
-513021646L, -611239891L, 1633900263L, -1757502740L, -1509162668L, 
17195282L, 1022102944L, -1531505972L, -358752672L, -266586174L, 
-1262577880L, -1205923924L, 1863881532L, 2085742962L, -1099654352L, 
-1070719708L, 645950264L, -1868443942L, -940685424L, 1997041404L, 
-667157612L, -298119102L, 1671009536L, -43867076L, -1111105200L, 
-1867267934L, 1358238024L, -479361268L, 1168212700L, 2114526546L, 
-1659693952L, -1246441388L, 1943252968L, -1028593414L, -1686938800L, 
334503724L, -770504332L, 754879378L, 793483360L, 1772354956L, 
1882397536L, -372704798L, -531483736L, 1173812428L, -130535428L, 
-733018702L, 1536153072L, 248679364L, -565177000L, -1843447430L, 
1400742832L, 901970364L, 897427540L, -1935652926L, 1264578592L, 
-736745284L, 1649820240L, -600710174L, 157778024L, -89754548L, 
-258160388L, -954037262L, -1458272000L, -449056396L, 225901576L, 
1083289530L, 2067562960L, 455617516L, 1142755732L, -834088494L, 
-915062432L, -1864974516L, -2091820768L, -705990782L, -451305752L, 
-1108209428L, -1160850372L, 1311501170L, 2055716464L, -565816284L, 
2081442616L, 1524509850L, 1613345488L, -1427603268L, 473304724L, 
-1336760702L, -917604160L, -1188940996L, 2003418256L, -463856094L, 
-1346338808L, -1164067572L, -874193764L, 468024850L, -1192009856L, 
406375956L, -1311479256L, -417036998L, -2127734320L, 1242993772L, 
1536071988L, 841402002L, 144829280L, 1880417100L, 319936480L, 
-1387837534L, 1574217640L, 1019866508L, 1424173244L, 88533362L, 
-1804798736L, 2058805316L, 1325814104L, 1801909818L, -980386960L, 
-1551017924L, 924589844L, 220853698L, 1018321632L, -1999255684L, 
-145240368L, 1326446754L, 342023208L, 122823948L, -180607044L, 
-1713673934L, 1590634944L, -1743230412L, 1182632904L, 1675663546L, 
-1247684208L, 1252635116L, 798065236L, 1312219282L, 143736608L, 
606767564L, 1025734112L, -806725950L, -1240194008L, 1837937324L, 
-338475844L, -1955325454L, 154476848L, 343454884L, 2093852344L, 
-98054822L, -1507416688L, -150228100L, -1682056940L, -764120254L, 
730307328L, 1197086652L, 257466192L, 1067950882L, -683606712L, 
314595852L, -448939940L, -1373451054L, 1514199552L, 1268469076L, 
648288744L, -1554760710L, 453996752L, -969917140L, -1693764876L, 
870812050L, -644205472L, -1086184180L, 2064954080L, -723228318L, 
1057245864L, -1637838260L, 1989280124L, 812516658L, -970796944L, 
1432532804L, -985879080L, -2124497798L, -671674832L, 350685884L, 
986206036L, 730223682L, -545772128L, 60422844L, 1088092624L, 
1583574370L, -677531672L, -2043394100L, 305676028L, 835445234L, 
1924114560L, -1976027916L, 1035712136L, 663750458L, -544910512L, 
540202604L, 2010714260L, 2055094610L, 540860128L, 586150604L, 
-463892320L, 779737986L, -1797229848L, -1038282004L, 488860732L, 
-320642446L, -1101667216L, -1866807772L, 978207800L, -2043484134L, 
-135116080L, -1288920004L, 1878512788L, 1185680514L, -684562496L, 
-1361503940L, 1352053392L, -36316126L, -1076534264L, 2140485772L, 
-1976210404L, 1485096594L, 1298068608L, 1087373332L, -753900248L, 
-193671622L, 243901648L, -215546772L, 1067209396L, 1701349394L, 
956229890L, -1461179536L, -1259125991L, 112972555L, 1894342652L, 
-1109140438L, 291180639L, -854353943L, 1480841470L, 1987971308L, 
-843248579L, -1833582585L, 1518894064L, 258676622L, 171402683L, 
-819125347L, -90695350L, -1613074072L, 966047569L, 1817601091L, 
242060612L, -649138702L, 1445210055L, 1362962833L, 729070870L, 
1551639924L, -122985467L, -1936407473L, 1821890632L, 1744555494L, 
1223123731L, -1895173003L, -1699705262L, -2029344608L, -1587256951L, 
1842917819L, -1032262132L, 1712732058L, 2093481743L, -1664236199L, 
-1100103698L, -2005793156L, 364449517L, 881719703L, -88083872L, 
-781645762L, 2142712075L, 364831629L, -133119814L, 1621378808L, 
719727777L, 72677459L, 782762868L, 409444610L, 1089036695L, 630340449L, 
367132582L, -1909102172L, 846565461L, -1495440129L, 1878772120L, 
1137038006L, -1811739837L, 816977541L, -1810687198L, 1624432656L, 
739015609L, -42709909L, 1985089372L, -56101238L, 1673761407L, 
-1997366327L, 1567385694L, -191407348L, -1911668003L, 912206823L, 
433164304L, 1872518446L, -642493989L, 319260349L, 989246506L, 
742335688L, 1904443889L, -2083467421L, 1747310436L, 1735437970L, 
1185753959L, -1530800847L, 353054326L, -470569068L, -62174299L, 
-579535697L, -718900888L, -171099834L, 1524519155L, -880882091L, 
-935775694L, 1266515968L, -284646167L, 1456235355L, -1665120852L, 
932142522L, 1578806127L, 1171164409L, -1447456370L, 954459228L, 
-1884997939L, -2080611785L, -1366718272L, 1259747230L, -1890706325L, 
-142590995L, 1349344858L, 1397170456L, -1453191551L, 2045027379L, 
565228116L, -675588510L, -269608713L, 1561713473L, -113192506L, 
-1666237692L, 522751669L, 700701087L, 1826657784L, 184245206L, 
-900987293L, -2106296795L, -1407195710L, 1308531376L, -2027892007L, 
1060480075L, -79832388L, 1424738538L, 1920992543L, -38974039L, 
-2083386562L, -1669814740L, 1674122365L, 1329794759L, -1870989392L, 
1061136846L, 1614422779L, -1957445283L, 804135562L, -1392381784L, 
